time,width,rpm,rpm_sp,torque,hz1,hz1_sp,hz2,hz2_sp,hz3,hz3_sp,hz4,hz4_sp
2022-11-01 19:08:34.050000,4.2270002365112305,0.0,0.0,0.0,56.69999694824219,230.0,70.69999694824219,230.0,74.9000015258789,230.0,71.0,230.0
2022-11-01 19:08:34.100000,4.2270002365112305,0.0,0.0,0.0,56.69999694824219,230.0,70.69999694824219,230.0,74.9000015258789,230.0,71.0,230.0
2022-11-01 19:08:34.150000,4.224999904632568,0.0,0.0,0.0,56.69999694824219,230.0,70.69999694824219,230.0,74.9000015258789,230.0,71.0,230.0
2022-11-01 19:08:34.200000,4.2270002365112305,0.0,0.0,0.0,56.69999694824219,230.0,70.69999694824219,230.0,74.9000015258789,230.0,71.0,230.0
2022-11-01 19:08:34.250000,4.224999904632568,0.0,0.0,0.0,56.69999694824219,230.0,70.69999694824219,230.0,74.9000015258789,230.0,71.0,230.0
2022-11-01 19:08:34.300000,4.2270002365112305,0.0,0.0,0.0,56.69999694824219,230.0,70.69999694824219,230.0,74.9000015258789,230.0,71.0,230.0
2022-11-01 19:08:34.350000,4.224999904632568,0.0,0.0,0.0,56.69999694824219,230.0,70.69999694824219,230.0,74.9000015258789,230.0,71.0,230.0
2022-11-01 19:08:34.400000,4.224999904632568,0.0,0.0,0.0,56.69999694824219,230.0,70.69999694824219,230.0,74.9000015258789,230.0,71.0,230.0
2022-11-01 19:08:34.450000,4.2270002365112305,0.0,0.0,0.0,56.69999694824219,230.0,70.69999694824219,230.0,74.9000015258789,230.0,71.0,230.0
2022-11-01 19:08:34.500000,4.2270002365112305,0.0,0.0,0.0,56.69999694824219,230.0,70.69999694824219,230.0,74.9000015258789,230.0,71.0,230.0
2022-11-01 19:08:34.550000,4.224999904632568,0.0,0.0,0.0,56.69999694824219,230.0,70.69999694824219,230.0,74.9000015258789,230.0,71.0,230.0
2022-11-01 19:08:34.600000,4.2270002365112305,0.0,0.0,0.0,56.69999694824219,230.0,70.69999694824219,230.0,74.9000015258789,230.0,71.0,230.0
2022-11-01 19:08:34.650000,4.224999904632568,0.0,0.0,0.0,56.69999694824219,230.0,70.69999694824219,230.0,74.9000015258789,230.0,71.0,230.0
2022-11-01 19:08:34.700000,4.2270002365112305,0.0,0.0,0.0,56.69999694824219,230.0,70.69999694824219,230.0,74.9000015258789,230.0,71.0,230.0
2022-11-01 19:08:34.750000,4.2270002365112305,0.0,0.0,0.0,56.69999694824219,230.0,70.69999694824219,230.0,74.9000015258789,230.0,71.0,230.0
2022-11-01 19:08:34.800000,4.2270002365112305,0.0,0.0,0.0,56.59000015258789,230.0,70.69000244140625,230.0,74.88999938964844,230.0,70.98999786376953,230.0
2022-11-01 19:08:34.850000,4.2270002365112305,0.0,0.0,0.0,56.59000015258789,230.0,70.69000244140625,230.0,74.88999938964844,230.0,70.98999786376953,230.0
2022-11-01 19:08:34.900000,4.224999904632568,0.0,0.0,0.0,56.59000015258789,230.0,70.69000244140625,230.0,74.88999938964844,230.0,70.98999786376953,230.0
2022-11-01 19:08:34.950000,4.2230000495910645,0.0,0.0,0.0,56.59000015258789,230.0,70.69000244140625,230.0,74.88999938964844,230.0,70.98999786376953,230.0
2022-11-01 19:08:35,4.2270002365112305,0.0,0.0,0.0,56.59000015258789,230.0,70.69000244140625,230.0,74.88999938964844,230.0,70.98999786376953,230.0
2022-11-01 19:08:35.050000,4.224999904632568,0.0,0.0,0.0,56.59000015258789,230.0,70.69000244140625,230.0,74.88999938964844,230.0,70.98999786376953,230.0
2022-11-01 19:08:35.100000,4.224999904632568,0.0,0.0,0.0,56.59000015258789,230.0,70.69000244140625,230.0,74.88999938964844,230.0,70.98999786376953,230.0
2022-11-01 19:08:35.150000,4.2270002365112305,0.0,0.0,0.0,56.59000015258789,230.0,70.69000244140625,230.0,74.88999938964844,230.0,70.98999786376953,230.0
2022-11-01 19:08:35.200000,4.2270002365112305,0.0,0.0,0.0,56.59000015258789,230.0,70.69000244140625,230.0,74.88999938964844,230.0,70.98999786376953,230.0
2022-11-01 19:08:35.250000,4.224999904632568,0.0,0.0,0.0,56.59000015258789,230.0,70.69000244140625,230.0,74.88999938964844,230.0,70.98999786376953,230.0
2022-11-01 19:08:35.300000,4.2270002365112305,0.0,0.0,0.0,56.59000015258789,230.0,70.69000244140625,230.0,74.88999938964844,230.0,70.98999786376953,230.0
2022-11-01 19:08:35.350000,4.224999904632568,0.0,0.0,0.0,56.59000015258789,230.0,70.69000244140625,230.0,74.88999938964844,230.0,70.98999786376953,230.0
2022-11-01 19:08:35.400000,4.2230000495910645,0.0,0.0,0.0,56.59000015258789,230.0,70.69000244140625,230.0,74.88999938964844,230.0,70.98999786376953,230.0
2022-11-01 19:08:35.450000,4.229000091552734,0.0,0.0,0.0,56.59000015258789,230.0,70.69000244140625,230.0,74.88999938964844,230.0,70.98999786376953,230.0
2022-11-01 19:08:35.500000,4.224999904632568,0.0,0.0,0.0,56.59000015258789,230.0,70.69000244140625,230.0,74.88999938964844,230.0,70.98999786376953,230.0
2022-11-01 19:08:35.550000,4.224999904632568,0.0,0.0,0.0,56.59000015258789,230.0,70.69000244140625,230.0,74.88999938964844,230.0,70.98999786376953,230.0
2022-11-01 19:08:35.600000,4.2270002365112305,0.0,0.0,0.0,56.59000015258789,230.0,70.69000244140625,230.0,74.88999938964844,230.0,70.98999786376953,230.0
2022-11-01 19:08:35.650000,4.2270002365112305,0.0,0.0,0.0,56.59000015258789,230.0,70.69000244140625,230.0,74.88999938964844,230.0,70.98999786376953,230.0
2022-11-01 19:08:35.700000,4.224999904632568,0.0,0.0,0.0,56.59000015258789,230.0,70.69000244140625,230.0,74.88999938964844,230.0,70.98999786376953,230.0
2022-11-01 19:08:35.750000,4.224999904632568,0.0,0.0,0.0,56.59000015258789,230.0,70.69000244140625,230.0,74.88999938964844,230.0,70.98999786376953,230.0
2022-11-01 19:08:35.800000,4.2230000495910645,0.0,0.0,0.0,56.59000015258789,230.0,70.69000244140625,230.0,74.88999938964844,230.0,70.98999786376953,230.0
2022-11-01 19:08:35.850000,4.224999904632568,0.0,0.0,0.0,56.59000015258789,230.0,70.69000244140625,230.0,74.88999938964844,230.0,70.98999786376953,230.0
2022-11-01 19:08:35.900000,4.2230000495910645,0.0,0.0,0.0,56.59000015258789,230.0,70.69000244140625,230.0,74.88999938964844,230.0,70.98999786376953,230.0
2022-11-01 19:08:35.950000,4.2230000495910645,0.0,0.0,0.0,56.59000015258789,230.0,70.69000244140625,230.0,74.88999938964844,230.0,70.98999786376953,230.0
2022-11-01 19:08:36,4.2270002365112305,0.0,0.0,0.0,56.59000015258789,230.0,70.69000244140625,230.0,74.88999938964844,230.0,70.98999786376953,230.0
2022-11-01 19:08:36.050000,4.2270002365112305,0.0,0.0,0.0,56.59000015258789,230.0,70.69000244140625,230.0,74.88999938964844,230.0,70.98999786376953,230.0
2022-11-01 19:08:36.100000,4.2270002365112305,0.0,0.0,0.0,56.59000015258789,230.0,70.69000244140625,230.0,74.88999938964844,230.0,70.98999786376953,230.0
2022-11-01 19:08:36.150000,4.2270002365112305,0.0,0.0,0.0,56.59000015258789,230.0,70.69000244140625,230.0,74.88999938964844,230.0,70.98999786376953,230.0
2022-11-01 19:08:36.200000,4.2270002365112305,0.0,0.0,0.0,56.59000015258789,230.0,70.69000244140625,230.0,74.88999938964844,230.0,70.98999786376953,230.0
2022-11-01 19:08:36.250000,4.2270002365112305,0.0,0.0,0.0,56.59000015258789,230.0,70.69000244140625,230.0,74.88999938964844,230.0,70.98999786376953,230.0
2022-11-01 19:08:36.300000,4.224999904632568,0.0,0.0,0.0,56.59000015258789,230.0,70.69000244140625,230.0,74.88999938964844,230.0,70.98999786376953,230.0
2022-11-01 19:08:36.350000,4.224999904632568,0.0,0.0,0.0,56.59000015258789,230.0,70.69000244140625,230.0,74.88999938964844,230.0,70.98999786376953,230.0
2022-11-01 19:08:36.400000,4.224999904632568,0.0,0.0,0.0,56.59000015258789,230.0,70.69000244140625,230.0,74.88999938964844,230.0,70.98999786376953,230.0
2022-11-01 19:08:36.450000,4.224999904632568,0.0,0.0,0.0,56.59000015258789,230.0,70.69000244140625,230.0,74.88999938964844,230.0,70.98999786376953,230.0
2022-11-01 19:08:36.500000,4.224999904632568,0.0,0.0,0.0,56.59000015258789,230.0,70.69000244140625,230.0,74.88999938964844,230.0,70.98999786376953,230.0
2022-11-01 19:08:36.550000,4.229000091552734,0.0,0.0,0.0,56.59000015258789,230.0,70.69000244140625,230.0,74.88999938964844,230.0,70.98999786376953,230.0
2022-11-01 19:08:36.600000,4.2270002365112305,0.0,0.0,0.0,56.59000015258789,230.0,70.69000244140625,230.0,74.88999938964844,230.0,70.98999786376953,230.0
2022-11-01 19:08:36.650000,4.2270002365112305,0.0,0.0,0.0,56.59000015258789,230.0,70.69000244140625,230.0,74.88999938964844,230.0,70.98999786376953,230.0
2022-11-01 19:08:36.700000,4.224999904632568,0.0,0.0,0.0,56.59000015258789,230.0,70.69000244140625,230.0,74.88999938964844,230.0,70.98999786376953,230.0
2022-11-01 19:08:36.750000,4.2230000495910645,0.0,0.0,0.0,56.59000015258789,230.0,70.69000244140625,230.0,74.88999938964844,230.0,70.98999786376953,230.0
2022-11-01 19:08:36.800000,4.224999904632568,0.0,0.0,0.0,56.59000015258789,230.0,70.69000244140625,230.0,74.88999938964844,230.0,70.98999786376953,230.0
2022-11-01 19:08:36.850000,4.224999904632568,0.0,0.0,0.0,56.59000015258789,230.0,70.69000244140625,230.0,74.88999938964844,230.0,70.98999786376953,230.0
2022-11-01 19:08:36.900000,4.2270002365112305,0.0,0.0,0.0,56.59000015258789,230.0,70.69000244140625,230.0,74.88999938964844,230.0,70.98999786376953,230.0
2022-11-01 19:08:36.950000,4.2270002365112305,0.0,0.0,0.0,56.59000015258789,230.0,70.69000244140625,230.0,74.88999938964844,230.0,70.98999786376953,230.0
2022-11-01 19:08:37,4.224999904632568,0.0,0.0,0.0,56.59000015258789,230.0,70.69000244140625,230.0,74.88999938964844,230.0,70.98999786376953,230.0
2022-11-01 19:08:37.050000,4.224999904632568,0.0,0.0,0.0,56.59000015258789,230.0,70.69000244140625,230.0,74.88999938964844,230.0,70.98999786376953,230.0
2022-11-01 19:08:37.100000,4.2270002365112305,0.0,0.0,0.0,56.59000015258789,230.0,70.69000244140625,230.0,74.88999938964844,230.0,70.98999786376953,230.0
2022-11-01 19:08:37.150000,4.224999904632568,0.0,0.0,0.0,56.59000015258789,230.0,70.69000244140625,230.0,74.88999938964844,230.0,70.98999786376953,230.0
2022-11-01 19:08:37.200000,4.224999904632568,0.0,0.0,0.0,56.59000015258789,230.0,70.69000244140625,230.0,74.88999938964844,230.0,70.98999786376953,230.0
2022-11-01 19:08:37.250000,4.224999904632568,0.0,0.0,0.0,56.59000015258789,230.0,70.69000244140625,230.0,74.88999938964844,230.0,70.98999786376953,230.0
2022-11-01 19:08:37.300000,4.224999904632568,0.0,0.0,0.0,56.59000015258789,230.0,70.69000244140625,230.0,74.88999938964844,230.0,70.98999786376953,230.0
2022-11-01 19:08:37.350000,4.2270002365112305,0.0,0.0,0.0,56.59000015258789,230.0,70.69000244140625,230.0,74.88999938964844,230.0,70.98999786376953,230.0
2022-11-01 19:08:37.400000,4.224999904632568,0.0,0.0,0.0,56.59000015258789,230.0,70.69000244140625,230.0,74.88999938964844,230.0,70.98999786376953,230.0
2022-11-01 19:08:37.450000,4.224999904632568,0.0,0.0,0.0,56.59000015258789,230.0,70.69000244140625,230.0,74.88999938964844,230.0,70.98999786376953,230.0
2022-11-01 19:08:37.500000,4.2270002365112305,0.0,0.0,0.0,56.59000015258789,230.0,70.69000244140625,230.0,74.88999938964844,230.0,70.98999786376953,230.0
2022-11-01 19:08:37.550000,4.2270002365112305,0.0,0.0,0.0,56.59000015258789,230.0,70.58999633789062,230.0,74.88999938964844,230.0,70.98999786376953,230.0
2022-11-01 19:08:37.600000,4.224999904632568,0.0,0.0,0.0,56.59000015258789,230.0,70.58999633789062,230.0,74.88999938964844,230.0,70.98999786376953,230.0
2022-11-01 19:08:37.650000,4.2270002365112305,0.0,0.0,0.0,56.59000015258789,230.0,70.58999633789062,230.0,74.88999938964844,230.0,70.98999786376953,230.0
2022-11-01 19:08:37.700000,4.224999904632568,0.0,0.0,0.0,56.59000015258789,230.0,70.58999633789062,230.0,74.88999938964844,230.0,70.98999786376953,230.0
2022-11-01 19:08:37.750000,4.2270002365112305,0.0,0.0,0.0,56.59000015258789,230.0,70.58999633789062,230.0,74.88999938964844,230.0,70.98999786376953,230.0
2022-11-01 19:08:37.800000,4.224999904632568,0.0,0.0,0.0,56.59000015258789,230.0,70.58999633789062,230.0,74.88999938964844,230.0,70.98999786376953,230.0
2022-11-01 19:08:37.850000,4.2270002365112305,0.0,0.0,0.0,56.59000015258789,230.0,70.58999633789062,230.0,74.88999938964844,230.0,70.98999786376953,230.0
2022-11-01 19:08:37.900000,4.2230000495910645,0.0,0.0,0.0,56.59000015258789,230.0,70.58999633789062,230.0,74.88999938964844,230.0,70.98999786376953,230.0
2022-11-01 19:08:37.950000,4.2270002365112305,0.0,0.0,0.0,56.59000015258789,230.0,70.58999633789062,230.0,74.88999938964844,230.0,70.98999786376953,230.0
2022-11-01 19:08:38,4.224999904632568,0.0,0.0,0.0,56.59000015258789,230.0,70.58999633789062,230.0,74.88999938964844,230.0,70.98999786376953,230.0
2022-11-01 19:08:38.050000,4.224999904632568,0.0,0.0,0.0,56.59000015258789,230.0,70.58999633789062,230.0,74.88999938964844,230.0,70.98999786376953,230.0
2022-11-01 19:08:38.100000,4.2270002365112305,0.0,0.0,0.0,56.59000015258789,230.0,70.58999633789062,230.0,74.88999938964844,230.0,70.98999786376953,230.0
2022-11-01 19:08:38.150000,4.2270002365112305,0.0,0.0,0.0,56.59000015258789,230.0,70.58999633789062,230.0,74.88999938964844,230.0,70.98999786376953,230.0
2022-11-01 19:08:38.200000,4.2270002365112305,0.0,0.0,0.0,56.59000015258789,230.0,70.58999633789062,230.0,74.88999938964844,230.0,70.98999786376953,230.0
2022-11-01 19:08:38.250000,4.229000091552734,0.0,0.0,0.0,56.59000015258789,230.0,70.58999633789062,230.0,74.88999938964844,230.0,70.98999786376953,230.0
2022-11-01 19:08:38.300000,4.2270002365112305,0.0,0.0,0.0,56.59000015258789,230.0,70.58999633789062,230.0,74.88999938964844,230.0,70.98999786376953,230.0
2022-11-01 19:08:38.350000,4.2270002365112305,0.0,0.0,0.0,56.59000015258789,230.0,70.58999633789062,230.0,74.88999938964844,230.0,70.98999786376953,230.0
2022-11-01 19:08:38.400000,4.2270002365112305,0.0,0.0,0.0,56.59000015258789,230.0,70.58999633789062,230.0,74.88999938964844,230.0,70.98999786376953,230.0
2022-11-01 19:08:38.450000,4.224999904632568,0.0,0.0,0.0,56.59000015258789,230.0,70.58999633789062,230.0,74.88999938964844,230.0,70.98999786376953,230.0
2022-11-01 19:08:38.500000,4.2270002365112305,0.0,0.0,0.0,56.59000015258789,230.0,70.58999633789062,230.0,74.88999938964844,230.0,70.98999786376953,230.0
2022-11-01 19:08:38.550000,4.224999904632568,0.0,0.0,0.0,56.59000015258789,230.0,70.58999633789062,230.0,74.88999938964844,230.0,70.98999786376953,230.0
2022-11-01 19:08:38.600000,4.2270002365112305,0.0,0.0,0.0,56.59000015258789,230.0,70.58999633789062,230.0,74.88999938964844,230.0,70.98999786376953,230.0
2022-11-01 19:08:38.650000,4.229000091552734,0.0,0.0,0.0,56.59000015258789,230.0,70.58999633789062,230.0,74.88999938964844,230.0,70.98999786376953,230.0
2022-11-01 19:08:38.700000,4.2270002365112305,0.0,0.0,0.0,56.59000015258789,230.0,70.58999633789062,230.0,74.88999938964844,230.0,70.98999786376953,230.0
2022-11-01 19:08:38.750000,4.2270002365112305,0.0,0.0,0.0,56.59000015258789,230.0,70.58999633789062,230.0,74.88999938964844,230.0,70.98999786376953,230.0
2022-11-01 19:08:38.800000,4.2270002365112305,0.0,0.0,0.0,56.59000015258789,230.0,70.69000244140625,230.0,74.88999938964844,230.0,70.98999786376953,230.0
2022-11-01 19:08:38.850000,4.2230000495910645,0.0,0.0,0.0,56.59000015258789,230.0,70.69000244140625,230.0,74.88999938964844,230.0,70.98999786376953,230.0
2022-11-01 19:08:38.900000,4.2230000495910645,0.0,0.0,0.0,56.59000015258789,230.0,70.69000244140625,230.0,74.88999938964844,230.0,70.98999786376953,230.0
2022-11-01 19:08:38.950000,4.224999904632568,0.0,0.0,0.0,56.59000015258789,230.0,70.69000244140625,230.0,74.88999938964844,230.0,70.98999786376953,230.0
2022-11-01 19:08:39,4.2270002365112305,0.0,0.0,0.0,56.59000015258789,230.0,70.69000244140625,230.0,74.88999938964844,230.0,70.98999786376953,230.0
2022-11-01 19:08:39.050000,4.2230000495910645,0.0,0.0,0.0,56.59000015258789,230.0,70.69000244140625,230.0,74.88999938964844,230.0,70.98999786376953,230.0
2022-11-01 19:08:39.100000,4.224999904632568,0.0,0.0,0.0,56.59000015258789,230.0,70.69000244140625,230.0,74.88999938964844,230.0,70.98999786376953,230.0
2022-11-01 19:08:39.150000,4.224999904632568,0.0,0.0,0.0,56.59000015258789,230.0,70.69000244140625,230.0,74.88999938964844,230.0,70.98999786376953,230.0
2022-11-01 19:08:39.200000,4.2230000495910645,0.0,0.0,0.0,56.59000015258789,230.0,70.69000244140625,230.0,74.88999938964844,230.0,70.98999786376953,230.0
2022-11-01 19:08:39.250000,4.2230000495910645,0.0,0.0,0.0,56.59000015258789,230.0,70.69000244140625,230.0,74.88999938964844,230.0,70.98999786376953,230.0
2022-11-01 19:08:39.300000,4.224999904632568,0.0,0.0,0.0,56.59000015258789,230.0,70.69000244140625,230.0,74.88999938964844,230.0,70.98999786376953,230.0
2022-11-01 19:08:39.350000,4.2270002365112305,0.0,0.0,0.0,56.59000015258789,230.0,70.69000244140625,230.0,74.88999938964844,230.0,70.98999786376953,230.0
2022-11-01 19:08:39.400000,4.2270002365112305,0.0,0.0,0.0,56.59000015258789,230.0,70.69000244140625,230.0,74.88999938964844,230.0,70.98999786376953,230.0
2022-11-01 19:08:39.450000,4.224999904632568,0.0,0.0,0.0,56.59000015258789,230.0,70.69000244140625,230.0,74.88999938964844,230.0,70.98999786376953,230.0
2022-11-01 19:08:39.500000,4.2270002365112305,0.0,0.0,0.0,56.59000015258789,230.0,70.69000244140625,230.0,74.88999938964844,230.0,70.98999786376953,230.0
2022-11-01 19:08:39.550000,4.229000091552734,0.0,0.0,0.0,56.59000015258789,230.0,70.69000244140625,230.0,74.88999938964844,230.0,70.98999786376953,230.0
2022-11-01 19:08:39.600000,4.2270002365112305,0.0,0.0,0.0,56.59000015258789,230.0,70.69000244140625,230.0,74.88999938964844,230.0,70.98999786376953,230.0
2022-11-01 19:08:39.650000,4.224999904632568,0.0,0.0,0.0,56.59000015258789,230.0,70.69000244140625,230.0,74.88999938964844,230.0,70.98999786376953,230.0
2022-11-01 19:08:39.700000,4.2270002365112305,0.0,0.0,0.0,56.59000015258789,230.0,70.69000244140625,230.0,74.88999938964844,230.0,70.98999786376953,230.0
2022-11-01 19:08:39.750000,4.224999904632568,0.0,0.0,0.0,56.59000015258789,230.0,70.69000244140625,230.0,74.88999938964844,230.0,70.98999786376953,230.0
2022-11-01 19:08:39.800000,4.224999904632568,0.0,0.0,0.0,56.59000015258789,230.0,70.69000244140625,230.0,74.88999938964844,230.0,70.98999786376953,230.0
2022-11-01 19:08:39.850000,4.2230000495910645,0.0,0.0,0.0,56.59000015258789,230.0,70.69000244140625,230.0,74.88999938964844,230.0,70.98999786376953,230.0
2022-11-01 19:08:39.900000,4.2270002365112305,0.0,0.0,0.0,56.59000015258789,230.0,70.69000244140625,230.0,74.88999938964844,230.0,70.98999786376953,230.0
2022-11-01 19:08:39.950000,4.2230000495910645,0.0,0.0,0.0,56.59000015258789,230.0,70.69000244140625,230.0,74.88999938964844,230.0,70.98999786376953,230.0
2022-11-01 19:08:40,4.2270002365112305,0.0,0.0,0.0,56.59000015258789,230.0,70.58999633789062,230.0,74.88999938964844,230.0,70.98999786376953,230.0
2022-11-01 19:08:40.050000,4.224999904632568,0.0,0.0,0.0,56.59000015258789,230.0,70.58999633789062,230.0,74.88999938964844,230.0,70.98999786376953,230.0
2022-11-01 19:08:40.100000,4.224999904632568,0.0,0.0,0.0,56.59000015258789,230.0,70.58999633789062,230.0,74.88999938964844,230.0,70.98999786376953,230.0
2022-11-01 19:08:40.150000,4.224999904632568,0.0,0.0,0.0,56.59000015258789,230.0,70.58999633789062,230.0,74.88999938964844,230.0,70.98999786376953,230.0
2022-11-01 19:08:40.200000,4.224999904632568,0.0,0.0,0.0,56.59000015258789,230.0,70.58999633789062,230.0,74.88999938964844,230.0,70.98999786376953,230.0
2022-11-01 19:08:40.250000,4.224999904632568,0.0,0.0,0.0,56.59000015258789,230.0,70.58999633789062,230.0,74.88999938964844,230.0,70.98999786376953,230.0
2022-11-01 19:08:40.300000,4.2270002365112305,0.0,0.0,0.0,56.59000015258789,230.0,70.58999633789062,230.0,74.88999938964844,230.0,70.98999786376953,230.0
2022-11-01 19:08:40.350000,4.224999904632568,0.0,0.0,0.0,56.59000015258789,230.0,70.58999633789062,230.0,74.88999938964844,230.0,70.98999786376953,230.0
2022-11-01 19:08:40.400000,4.224999904632568,0.0,0.0,0.0,56.59000015258789,230.0,70.58999633789062,230.0,74.88999938964844,230.0,70.98999786376953,230.0
2022-11-01 19:08:40.450000,4.2270002365112305,0.0,0.0,0.0,56.59000015258789,230.0,70.58999633789062,230.0,74.88999938964844,230.0,70.98999786376953,230.0
2022-11-01 19:08:40.500000,4.224999904632568,0.0,0.0,0.0,56.59000015258789,230.0,70.58999633789062,230.0,74.88999938964844,230.0,70.98999786376953,230.0
2022-11-01 19:08:40.550000,4.2230000495910645,0.0,0.0,0.0,56.59000015258789,230.0,70.58999633789062,230.0,74.88999938964844,230.0,70.98999786376953,230.0
2022-11-01 19:08:40.600000,4.224999904632568,0.0,0.0,0.0,56.59000015258789,230.0,70.58999633789062,230.0,74.88999938964844,230.0,70.98999786376953,230.0
2022-11-01 19:08:40.650000,4.224999904632568,0.0,0.0,0.0,56.59000015258789,230.0,70.58999633789062,230.0,74.88999938964844,230.0,70.98999786376953,230.0
2022-11-01 19:08:40.700000,4.2270002365112305,0.0,0.0,0.0,56.59000015258789,230.0,70.58999633789062,230.0,74.88999938964844,230.0,70.98999786376953,230.0
2022-11-01 19:08:40.750000,4.224999904632568,0.0,0.0,0.0,56.59000015258789,230.0,70.58999633789062,230.0,74.88999938964844,230.0,70.98999786376953,230.0
2022-11-01 19:08:40.800000,4.224999904632568,0.0,0.0,0.0,56.59000015258789,230.0,70.58999633789062,230.0,74.88999938964844,230.0,70.98999786376953,230.0
2022-11-01 19:08:40.850000,4.224999904632568,0.0,0.0,0.0,56.59000015258789,230.0,70.58999633789062,230.0,74.88999938964844,230.0,70.98999786376953,230.0
2022-11-01 19:08:40.900000,4.2270002365112305,0.0,0.0,0.0,56.59000015258789,230.0,70.58999633789062,230.0,74.88999938964844,230.0,70.98999786376953,230.0
2022-11-01 19:08:40.950000,4.229000091552734,0.0,0.0,0.0,56.59000015258789,230.0,70.58999633789062,230.0,74.88999938964844,230.0,70.98999786376953,230.0
2022-11-01 19:08:41,4.2270002365112305,0.0,0.0,0.0,56.59000015258789,230.0,70.58999633789062,230.0,74.88999938964844,230.0,70.98999786376953,230.0
2022-11-01 19:08:41.050000,4.224999904632568,0.0,0.0,0.0,56.59000015258789,230.0,70.58999633789062,230.0,74.88999938964844,230.0,70.98999786376953,230.0
2022-11-01 19:08:41.100000,4.2270002365112305,0.0,0.0,0.0,56.59000015258789,230.0,70.58999633789062,230.0,74.88999938964844,230.0,70.98999786376953,230.0
2022-11-01 19:08:41.150000,4.2230000495910645,0.0,0.0,0.0,56.59000015258789,230.0,70.58999633789062,230.0,74.88999938964844,230.0,70.98999786376953,230.0
2022-11-01 19:08:41.200000,4.224999904632568,0.0,0.0,0.0,56.59000015258789,230.0,70.58999633789062,230.0,74.88999938964844,230.0,70.98999786376953,230.0
2022-11-01 19:08:41.250000,4.224999904632568,0.0,0.0,0.0,56.59000015258789,230.0,70.58999633789062,230.0,74.88999938964844,230.0,70.98999786376953,230.0
2022-11-01 19:08:41.300000,4.224999904632568,0.0,0.0,0.0,56.59000015258789,230.0,70.58999633789062,230.0,74.88999938964844,230.0,70.98999786376953,230.0
2022-11-01 19:08:41.350000,4.224999904632568,0.0,0.0,0.0,56.59000015258789,230.0,70.58999633789062,230.0,74.88999938964844,230.0,70.98999786376953,230.0
2022-11-01 19:08:41.400000,4.224999904632568,0.0,0.0,0.0,56.59000015258789,230.0,70.58999633789062,230.0,74.88999938964844,230.0,70.98999786376953,230.0
2022-11-01 19:08:41.450000,4.2270002365112305,0.0,0.0,0.0,56.59000015258789,230.0,70.58999633789062,230.0,74.88999938964844,230.0,70.98999786376953,230.0
2022-11-01 19:08:41.500000,4.2270002365112305,0.0,0.0,0.0,56.59000015258789,230.0,70.58999633789062,230.0,74.79000091552734,230.0,70.98999786376953,230.0
2022-11-01 19:08:41.550000,4.2270002365112305,0.0,0.0,0.0,56.59000015258789,230.0,70.58999633789062,230.0,74.79000091552734,230.0,70.98999786376953,230.0
2022-11-01 19:08:41.600000,4.2270002365112305,0.0,0.0,0.0,56.59000015258789,230.0,70.58999633789062,230.0,74.79000091552734,230.0,70.98999786376953,230.0
2022-11-01 19:08:41.650000,4.224999904632568,0.0,0.0,0.0,56.59000015258789,230.0,70.58999633789062,230.0,74.79000091552734,230.0,70.98999786376953,230.0
2022-11-01 19:08:41.700000,4.2270002365112305,0.0,0.0,0.0,56.59000015258789,230.0,70.58999633789062,230.0,74.79000091552734,230.0,70.98999786376953,230.0
2022-11-01 19:08:41.750000,4.224999904632568,0.0,0.0,0.0,56.59000015258789,230.0,70.58999633789062,230.0,74.79000091552734,230.0,70.98999786376953,230.0
2022-11-01 19:08:41.800000,4.2270002365112305,0.0,0.0,0.0,56.59000015258789,230.0,70.58999633789062,230.0,74.79000091552734,230.0,70.98999786376953,230.0
2022-11-01 19:08:41.850000,4.224999904632568,0.0,0.0,0.0,56.59000015258789,230.0,70.58999633789062,230.0,74.79000091552734,230.0,70.88999938964844,230.0
2022-11-01 19:08:41.900000,4.2270002365112305,0.0,0.0,0.0,56.59000015258789,230.0,70.58999633789062,230.0,74.79000091552734,230.0,70.88999938964844,230.0
2022-11-01 19:08:41.950000,4.2230000495910645,0.0,0.0,0.0,56.59000015258789,230.0,70.58999633789062,230.0,74.79000091552734,230.0,70.88999938964844,230.0
2022-11-01 19:08:42,4.2270002365112305,0.0,0.0,0.0,56.59000015258789,230.0,70.58999633789062,230.0,74.79000091552734,230.0,70.88999938964844,230.0
2022-11-01 19:08:42.050000,4.224999904632568,0.0,0.0,0.0,56.59000015258789,230.0,70.58999633789062,230.0,74.79000091552734,230.0,70.88999938964844,230.0
2022-11-01 19:08:42.100000,4.2270002365112305,0.0,0.0,0.0,56.59000015258789,230.0,70.58999633789062,230.0,74.79000091552734,230.0,70.88999938964844,230.0
2022-11-01 19:08:42.150000,4.224999904632568,0.0,0.0,0.0,56.59000015258789,230.0,70.58999633789062,230.0,74.79000091552734,230.0,70.88999938964844,230.0
2022-11-01 19:08:42.200000,4.229000091552734,0.0,0.0,0.0,56.59000015258789,230.0,70.58999633789062,230.0,74.79000091552734,230.0,70.88999938964844,230.0
2022-11-01 19:08:42.250000,4.223999977111816,0.0,0.0,0.0,56.59000015258789,230.0,70.58999633789062,230.0,74.79000091552734,230.0,70.88999938964844,230.0
2022-11-01 19:08:42.300000,4.224999904632568,0.0,0.0,0.0,56.59000015258789,230.0,70.58999633789062,230.0,74.79000091552734,230.0,70.88999938964844,230.0
2022-11-01 19:08:42.350000,4.224999904632568,0.0,0.0,0.0,56.59000015258789,230.0,70.58999633789062,230.0,74.79000091552734,230.0,70.88999938964844,230.0
2022-11-01 19:08:42.400000,4.224999904632568,0.0,0.0,0.0,56.59000015258789,230.0,70.58999633789062,230.0,74.79000091552734,230.0,70.88999938964844,230.0
2022-11-01 19:08:42.450000,4.224999904632568,0.0,0.0,0.0,56.59000015258789,230.0,70.58999633789062,230.0,74.79000091552734,230.0,70.88999938964844,230.0
2022-11-01 19:08:42.500000,4.2270002365112305,0.0,0.0,0.0,56.59000015258789,230.0,70.58999633789062,230.0,74.79000091552734,230.0,70.88999938964844,230.0
2022-11-01 19:08:42.550000,4.224999904632568,0.0,0.0,0.0,56.59000015258789,230.0,70.58999633789062,230.0,74.79000091552734,230.0,70.88999938964844,230.0
2022-11-01 19:08:42.600000,4.2270002365112305,0.0,0.0,0.0,56.59000015258789,230.0,70.58999633789062,230.0,74.79000091552734,230.0,70.88999938964844,230.0
2022-11-01 19:08:42.650000,4.2270002365112305,0.0,0.0,0.0,56.59000015258789,230.0,70.58999633789062,230.0,74.79000091552734,230.0,70.88999938964844,230.0
2022-11-01 19:08:42.700000,4.2230000495910645,0.0,0.0,0.0,56.59000015258789,230.0,70.58999633789062,230.0,74.79000091552734,230.0,70.88999938964844,230.0
2022-11-01 19:08:42.750000,4.224999904632568,0.0,0.0,0.0,56.59000015258789,230.0,70.58999633789062,230.0,74.79000091552734,230.0,70.88999938964844,230.0
2022-11-01 19:08:42.800000,4.224999904632568,0.0,0.0,0.0,56.59000015258789,230.0,70.58999633789062,230.0,74.79000091552734,230.0,70.88999938964844,230.0
2022-11-01 19:08:42.850000,4.2270002365112305,0.0,0.0,0.0,56.59000015258789,230.0,70.58999633789062,230.0,74.79000091552734,230.0,70.88999938964844,230.0
2022-11-01 19:08:42.900000,4.2270002365112305,0.0,0.0,0.0,56.59000015258789,230.0,70.58999633789062,230.0,74.79000091552734,230.0,70.88999938964844,230.0
2022-11-01 19:08:42.950000,4.2270002365112305,0.0,0.0,0.0,56.59000015258789,230.0,70.58999633789062,230.0,74.79000091552734,230.0,70.88999938964844,230.0
2022-11-01 19:08:43,4.2230000495910645,0.0,0.0,0.0,56.59000015258789,230.0,70.58999633789062,230.0,74.79000091552734,230.0,70.88999938964844,230.0
2022-11-01 19:08:43.050000,4.2230000495910645,0.0,0.0,0.0,56.59000015258789,230.0,70.58999633789062,230.0,74.79000091552734,230.0,70.98999786376953,230.0
2022-11-01 19:08:43.100000,4.224999904632568,0.0,0.0,0.0,56.59000015258789,230.0,70.58999633789062,230.0,74.79000091552734,230.0,70.98999786376953,230.0
2022-11-01 19:08:43.150000,4.2270002365112305,0.0,0.0,0.0,56.59000015258789,230.0,70.58999633789062,230.0,74.79000091552734,230.0,70.98999786376953,230.0
2022-11-01 19:08:43.200000,4.2270002365112305,0.0,0.0,0.0,56.59000015258789,230.0,70.58999633789062,230.0,74.79000091552734,230.0,70.98999786376953,230.0
2022-11-01 19:08:43.250000,4.224999904632568,0.0,0.0,0.0,56.59000015258789,230.0,70.58999633789062,230.0,74.79000091552734,230.0,70.98999786376953,230.0
2022-11-01 19:08:43.300000,4.224999904632568,0.0,0.0,0.0,56.59000015258789,230.0,70.58999633789062,230.0,74.79000091552734,230.0,70.98999786376953,230.0
2022-11-01 19:08:43.350000,4.224999904632568,0.0,0.0,0.0,56.59000015258789,230.0,70.58999633789062,230.0,74.79000091552734,230.0,70.98999786376953,230.0
2022-11-01 19:08:43.400000,4.224999904632568,0.0,0.0,0.0,56.59000015258789,230.0,70.58999633789062,230.0,74.79000091552734,230.0,70.98999786376953,230.0
2022-11-01 19:08:43.450000,4.224999904632568,0.0,0.0,0.0,56.59000015258789,230.0,70.58999633789062,230.0,74.79000091552734,230.0,70.98999786376953,230.0
2022-11-01 19:08:43.500000,4.224999904632568,0.0,0.0,0.0,56.59000015258789,230.0,70.58999633789062,230.0,74.79000091552734,230.0,70.98999786376953,230.0
2022-11-01 19:08:43.550000,4.2270002365112305,0.0,0.0,0.0,56.59000015258789,230.0,70.58999633789062,230.0,74.79000091552734,230.0,70.98999786376953,230.0
2022-11-01 19:08:43.600000,4.2270002365112305,0.0,0.0,0.0,56.59000015258789,230.0,70.58999633789062,230.0,74.79000091552734,230.0,70.98999786376953,230.0
2022-11-01 19:08:43.650000,4.224999904632568,0.0,0.0,0.0,56.59000015258789,230.0,70.58999633789062,230.0,74.79000091552734,230.0,70.98999786376953,230.0
2022-11-01 19:08:43.700000,4.224999904632568,0.0,0.0,0.0,56.59000015258789,230.0,70.58999633789062,230.0,74.79000091552734,230.0,70.98999786376953,230.0
2022-11-01 19:08:43.750000,4.2270002365112305,0.0,0.0,0.0,56.59000015258789,230.0,70.58999633789062,230.0,74.79000091552734,230.0,70.98999786376953,230.0
2022-11-01 19:08:43.800000,4.2270002365112305,0.0,0.0,0.0,56.59000015258789,230.0,70.58999633789062,230.0,74.79000091552734,230.0,70.98999786376953,230.0
2022-11-01 19:08:43.850000,4.2270002365112305,0.0,0.0,0.0,56.59000015258789,230.0,70.58999633789062,230.0,74.79000091552734,230.0,70.98999786376953,230.0
2022-11-01 19:08:43.900000,4.2270002365112305,0.0,0.0,0.0,56.59000015258789,230.0,70.58999633789062,230.0,74.79000091552734,230.0,70.98999786376953,230.0
2022-11-01 19:08:43.950000,4.229000091552734,0.0,0.0,0.0,56.59000015258789,230.0,70.58999633789062,230.0,74.79000091552734,230.0,70.98999786376953,230.0
2022-11-01 19:08:44,4.2230000495910645,0.0,0.0,0.0,56.59000015258789,230.0,70.58999633789062,230.0,74.79000091552734,230.0,70.98999786376953,230.0
2022-11-01 19:08:44.050000,4.2270002365112305,0.0,0.0,0.0,56.59000015258789,230.0,70.58999633789062,230.0,74.79000091552734,230.0,70.98999786376953,230.0
2022-11-01 19:08:44.100000,4.2270002365112305,0.0,0.0,0.0,56.59000015258789,230.0,70.58999633789062,230.0,74.79000091552734,230.0,70.98999786376953,230.0
2022-11-01 19:08:44.150000,4.224999904632568,0.0,0.0,0.0,56.59000015258789,230.0,70.58999633789062,230.0,74.79000091552734,230.0,70.98999786376953,230.0
2022-11-01 19:08:44.200000,4.224999904632568,0.0,0.0,0.0,56.59000015258789,230.0,70.58999633789062,230.0,74.79000091552734,230.0,70.98999786376953,230.0
2022-11-01 19:08:44.250000,4.224999904632568,0.0,0.0,0.0,56.59000015258789,230.0,70.58999633789062,230.0,74.79000091552734,230.0,70.88999938964844,230.0
2022-11-01 19:08:44.300000,4.2270002365112305,0.0,0.0,0.0,56.59000015258789,230.0,70.58999633789062,230.0,74.79000091552734,230.0,70.88999938964844,230.0
2022-11-01 19:08:44.350000,4.2270002365112305,0.0,0.0,0.0,56.59000015258789,230.0,70.58999633789062,230.0,74.79000091552734,230.0,70.88999938964844,230.0
2022-11-01 19:08:44.400000,4.224999904632568,0.0,0.0,0.0,56.59000015258789,230.0,70.58999633789062,230.0,74.79000091552734,230.0,70.88999938964844,230.0
2022-11-01 19:08:44.450000,4.2270002365112305,0.0,0.0,0.0,56.59000015258789,230.0,70.58999633789062,230.0,74.79000091552734,230.0,70.88999938964844,230.0
2022-11-01 19:08:44.500000,4.2270002365112305,0.0,0.0,0.0,56.59000015258789,230.0,70.58999633789062,230.0,74.79000091552734,230.0,70.88999938964844,230.0
2022-11-01 19:08:44.550000,4.224999904632568,0.0,0.0,0.0,56.58000183105469,230.0,70.58000183105469,230.0,74.77999877929688,230.0,70.87999725341797,230.0
2022-11-01 19:08:44.600000,4.2270002365112305,0.0,0.0,0.0,56.58000183105469,230.0,70.58000183105469,230.0,74.77999877929688,230.0,70.87999725341797,230.0
2022-11-01 19:08:44.650000,4.2270002365112305,0.0,0.0,0.0,56.58000183105469,230.0,70.58000183105469,230.0,74.77999877929688,230.0,70.87999725341797,230.0
2022-11-01 19:08:44.700000,4.224999904632568,0.0,0.0,0.0,56.58000183105469,230.0,70.58000183105469,230.0,74.77999877929688,230.0,70.87999725341797,230.0
2022-11-01 19:08:44.750000,4.229000091552734,0.0,0.0,0.0,56.58000183105469,230.0,70.58000183105469,230.0,74.77999877929688,230.0,70.87999725341797,230.0
2022-11-01 19:08:44.800000,4.224999904632568,0.0,0.0,0.0,56.58000183105469,230.0,70.58000183105469,230.0,74.77999877929688,230.0,70.87999725341797,230.0
2022-11-01 19:08:44.850000,4.2230000495910645,0.0,0.0,0.0,56.58000183105469,230.0,70.58000183105469,230.0,74.77999877929688,230.0,70.87999725341797,230.0
2022-11-01 19:08:44.900000,4.224999904632568,0.0,0.0,0.0,56.59000015258789,230.0,70.58999633789062,230.0,74.79000091552734,230.0,70.88999938964844,230.0
2022-11-01 19:08:44.950000,4.2270002365112305,0.0,0.0,0.0,56.59000015258789,230.0,70.58999633789062,230.0,74.79000091552734,230.0,70.88999938964844,230.0
2022-11-01 19:08:45,4.2270002365112305,0.0,0.0,0.0,56.59000015258789,230.0,70.58999633789062,230.0,74.79000091552734,230.0,70.88999938964844,230.0
2022-11-01 19:08:45.050000,4.224999904632568,0.0,0.0,0.0,56.59000015258789,230.0,70.58999633789062,230.0,74.79000091552734,230.0,70.88999938964844,230.0
2022-11-01 19:08:45.100000,4.2270002365112305,0.0,0.0,0.0,56.59000015258789,230.0,70.58999633789062,230.0,74.79000091552734,230.0,70.88999938964844,230.0
2022-11-01 19:08:45.150000,4.2270002365112305,0.0,0.0,0.0,56.58000183105469,230.0,70.58000183105469,230.0,74.77999877929688,230.0,70.87999725341797,230.0
2022-11-01 19:08:45.200000,4.2270002365112305,0.0,0.0,0.0,56.59000015258789,230.0,70.58999633789062,230.0,74.79000091552734,230.0,70.88999938964844,230.0
2022-11-01 19:08:45.250000,4.2270002365112305,0.0,0.0,0.0,56.59000015258789,230.0,70.58999633789062,230.0,74.79000091552734,230.0,70.88999938964844,230.0
2022-11-01 19:08:45.300000,4.2270002365112305,0.0,0.0,0.0,56.59000015258789,230.0,70.58999633789062,230.0,74.79000091552734,230.0,70.88999938964844,230.0
2022-11-01 19:08:45.350000,4.224999904632568,0.0,0.0,0.0,56.59000015258789,230.0,70.58999633789062,230.0,74.79000091552734,230.0,70.88999938964844,230.0
2022-11-01 19:08:45.400000,4.2270002365112305,0.0,0.0,0.0,56.59000015258789,230.0,70.58999633789062,230.0,74.79000091552734,230.0,70.88999938964844,230.0
2022-11-01 19:08:45.450000,4.224999904632568,0.0,0.0,0.0,56.59000015258789,230.0,70.58999633789062,230.0,74.79000091552734,230.0,70.88999938964844,230.0
2022-11-01 19:08:45.500000,4.2270002365112305,0.0,0.0,0.0,56.59000015258789,230.0,70.58999633789062,230.0,74.79000091552734,230.0,70.88999938964844,230.0
2022-11-01 19:08:45.550000,4.224999904632568,0.0,0.0,0.0,56.59000015258789,230.0,70.58999633789062,230.0,74.79000091552734,230.0,70.88999938964844,230.0
2022-11-01 19:08:45.600000,4.2270002365112305,0.0,0.0,0.0,56.59000015258789,230.0,70.58999633789062,230.0,74.79000091552734,230.0,70.88999938964844,230.0
2022-11-01 19:08:45.650000,4.224999904632568,0.0,0.0,0.0,56.59000015258789,230.0,70.58999633789062,230.0,74.79000091552734,230.0,70.88999938964844,230.0
2022-11-01 19:08:45.700000,4.2270002365112305,0.0,0.0,0.0,56.59000015258789,230.0,70.58999633789062,230.0,74.79000091552734,230.0,70.88999938964844,230.0
2022-11-01 19:08:45.750000,4.2270002365112305,0.0,0.0,0.0,56.59000015258789,230.0,70.58999633789062,230.0,74.79000091552734,230.0,70.88999938964844,230.0
2022-11-01 19:08:45.800000,4.2270002365112305,0.0,0.0,0.0,56.59000015258789,230.0,70.58999633789062,230.0,74.79000091552734,230.0,70.88999938964844,230.0
2022-11-01 19:08:45.850000,4.224999904632568,0.0,0.0,0.0,56.59000015258789,230.0,70.58999633789062,230.0,74.79000091552734,230.0,70.88999938964844,230.0
2022-11-01 19:08:45.900000,4.2270002365112305,0.0,0.0,0.0,56.59000015258789,230.0,70.58999633789062,230.0,74.79000091552734,230.0,70.88999938964844,230.0
2022-11-01 19:08:45.950000,4.2270002365112305,0.0,0.0,0.0,56.59000015258789,230.0,70.58999633789062,230.0,74.79000091552734,230.0,70.88999938964844,230.0
2022-11-01 19:08:46,4.2270002365112305,0.0,0.0,0.0,56.59000015258789,230.0,70.58999633789062,230.0,74.79000091552734,230.0,70.88999938964844,230.0
2022-11-01 19:08:46.050000,4.2270002365112305,0.0,0.0,0.0,56.59000015258789,230.0,70.58999633789062,230.0,74.79000091552734,230.0,70.88999938964844,230.0
2022-11-01 19:08:46.100000,4.2270002365112305,0.0,0.0,0.0,56.59000015258789,230.0,70.58999633789062,230.0,74.79000091552734,230.0,70.88999938964844,230.0
2022-11-01 19:08:46.150000,4.2270002365112305,0.0,0.0,0.0,56.59000015258789,230.0,70.58999633789062,230.0,74.79000091552734,230.0,70.88999938964844,230.0
2022-11-01 19:08:46.200000,4.2270002365112305,0.0,0.0,0.0,56.59000015258789,230.0,70.58999633789062,230.0,74.79000091552734,230.0,70.88999938964844,230.0
2022-11-01 19:08:46.250000,4.2270002365112305,0.0,0.0,0.0,56.59000015258789,230.0,70.58999633789062,230.0,74.79000091552734,230.0,70.88999938964844,230.0
2022-11-01 19:08:46.300000,4.2270002365112305,0.0,0.0,0.0,56.59000015258789,230.0,70.58999633789062,230.0,74.79000091552734,230.0,70.88999938964844,230.0
2022-11-01 19:08:46.350000,4.224999904632568,0.0,0.0,0.0,56.59000015258789,230.0,70.58999633789062,230.0,74.79000091552734,230.0,70.88999938964844,230.0
2022-11-01 19:08:46.400000,4.224999904632568,0.0,0.0,0.0,56.59000015258789,230.0,70.58999633789062,230.0,74.79000091552734,230.0,70.88999938964844,230.0
2022-11-01 19:08:46.450000,4.2270002365112305,0.0,0.0,0.0,56.59000015258789,230.0,70.58999633789062,230.0,74.79000091552734,230.0,70.88999938964844,230.0
2022-11-01 19:08:46.500000,4.224999904632568,0.0,0.0,0.0,56.59000015258789,230.0,70.58999633789062,230.0,74.79000091552734,230.0,70.88999938964844,230.0
2022-11-01 19:08:46.550000,4.224999904632568,0.0,0.0,0.0,56.59000015258789,230.0,70.58999633789062,230.0,74.79000091552734,230.0,70.88999938964844,230.0
2022-11-01 19:08:46.600000,4.2270002365112305,0.0,0.0,0.0,56.59000015258789,230.0,70.58999633789062,230.0,74.79000091552734,230.0,70.88999938964844,230.0
2022-11-01 19:08:46.650000,4.2270002365112305,0.0,0.0,0.0,56.59000015258789,230.0,70.58999633789062,230.0,74.79000091552734,230.0,70.88999938964844,230.0
2022-11-01 19:08:46.700000,4.224999904632568,0.0,0.0,0.0,56.59000015258789,230.0,70.58999633789062,230.0,74.79000091552734,230.0,70.88999938964844,230.0
2022-11-01 19:08:46.750000,4.2270002365112305,0.0,0.0,0.0,56.59000015258789,230.0,70.58999633789062,230.0,74.79000091552734,230.0,70.88999938964844,230.0
2022-11-01 19:08:46.800000,4.224999904632568,0.0,0.0,0.0,56.58000183105469,230.0,70.58000183105469,230.0,74.77999877929688,230.0,70.87999725341797,230.0
2022-11-01 19:08:46.850000,4.229000091552734,0.0,0.0,0.0,56.58000183105469,230.0,70.58000183105469,230.0,74.77999877929688,230.0,70.87999725341797,230.0
2022-11-01 19:08:46.900000,4.224999904632568,0.0,0.0,0.0,56.59000015258789,230.0,70.58999633789062,230.0,74.79000091552734,230.0,70.88999938964844,230.0
2022-11-01 19:08:46.950000,4.224999904632568,0.0,0.0,0.0,56.59000015258789,230.0,70.58999633789062,230.0,74.79000091552734,230.0,70.88999938964844,230.0
2022-11-01 19:08:47,4.2270002365112305,0.0,0.0,0.0,56.58000183105469,230.0,70.58000183105469,230.0,74.77999877929688,230.0,70.87999725341797,230.0
2022-11-01 19:08:47.050000,4.2270002365112305,0.0,0.0,0.0,56.58000183105469,230.0,70.58000183105469,230.0,74.77999877929688,230.0,70.87999725341797,230.0
2022-11-01 19:08:47.100000,4.224999904632568,0.0,0.0,0.0,56.58000183105469,230.0,70.58000183105469,230.0,74.77999877929688,230.0,70.87999725341797,230.0
2022-11-01 19:08:47.150000,4.2230000495910645,0.0,0.0,0.0,56.58000183105469,230.0,70.58000183105469,230.0,74.77999877929688,230.0,70.87999725341797,230.0
2022-11-01 19:08:47.200000,4.224999904632568,0.0,0.0,0.0,56.58000183105469,230.0,70.58000183105469,230.0,74.77999877929688,230.0,70.87999725341797,230.0
2022-11-01 19:08:47.250000,4.224999904632568,0.0,0.0,0.0,56.58000183105469,230.0,70.58000183105469,230.0,74.77999877929688,230.0,70.87999725341797,230.0
2022-11-01 19:08:47.300000,4.224999904632568,0.0,0.0,0.0,56.58000183105469,230.0,70.47999572753906,230.0,74.77999877929688,230.0,70.87999725341797,230.0
2022-11-01 19:08:47.350000,4.224999904632568,0.0,0.0,0.0,56.58000183105469,230.0,70.47999572753906,230.0,74.77999877929688,230.0,70.87999725341797,230.0
2022-11-01 19:08:47.400000,4.2270002365112305,0.0,0.0,0.0,56.58000183105469,230.0,70.47999572753906,230.0,74.77999877929688,230.0,70.87999725341797,230.0
2022-11-01 19:08:47.450000,4.224999904632568,0.0,0.0,0.0,56.58000183105469,230.0,70.47999572753906,230.0,74.77999877929688,230.0,70.87999725341797,230.0
2022-11-01 19:08:47.500000,4.2270002365112305,0.0,0.0,0.0,56.58000183105469,230.0,70.47999572753906,230.0,74.77999877929688,230.0,70.87999725341797,230.0
2022-11-01 19:08:47.550000,4.2270002365112305,0.0,0.0,0.0,56.58000183105469,230.0,70.47999572753906,230.0,74.77999877929688,230.0,70.87999725341797,230.0
2022-11-01 19:08:47.600000,4.2270002365112305,0.0,0.0,0.0,56.58000183105469,230.0,70.47999572753906,230.0,74.77999877929688,230.0,70.87999725341797,230.0
2022-11-01 19:08:47.650000,4.224999904632568,0.0,0.0,0.0,56.58000183105469,230.0,70.47999572753906,230.0,74.77999877929688,230.0,70.87999725341797,230.0
2022-11-01 19:08:47.700000,4.2270002365112305,0.0,0.0,0.0,56.58000183105469,230.0,70.47999572753906,230.0,74.77999877929688,230.0,70.87999725341797,230.0
2022-11-01 19:08:47.750000,4.2270002365112305,0.0,0.0,0.0,56.58000183105469,230.0,70.47999572753906,230.0,74.77999877929688,230.0,70.87999725341797,230.0
2022-11-01 19:08:47.800000,4.224999904632568,0.0,0.0,0.0,56.58000183105469,230.0,70.47999572753906,230.0,74.77999877929688,230.0,70.87999725341797,230.0
2022-11-01 19:08:47.850000,4.2230000495910645,0.0,0.0,0.0,56.58000183105469,230.0,70.47999572753906,230.0,74.77999877929688,230.0,70.87999725341797,230.0
2022-11-01 19:08:47.900000,4.2270002365112305,0.0,0.0,0.0,56.58000183105469,230.0,70.47999572753906,230.0,74.77999877929688,230.0,70.87999725341797,230.0
2022-11-01 19:08:47.950000,4.224999904632568,0.0,0.0,0.0,56.58000183105469,230.0,70.47999572753906,230.0,74.77999877929688,230.0,70.87999725341797,230.0
2022-11-01 19:08:48,4.2270002365112305,0.0,0.0,0.0,56.58000183105469,230.0,70.47999572753906,230.0,74.77999877929688,230.0,70.87999725341797,230.0
2022-11-01 19:08:48.050000,4.2230000495910645,0.0,0.0,0.0,56.58000183105469,230.0,70.47999572753906,230.0,74.77999877929688,230.0,70.87999725341797,230.0
2022-11-01 19:08:48.100000,4.224999904632568,0.0,0.0,0.0,56.58000183105469,230.0,70.47999572753906,230.0,74.77999877929688,230.0,70.87999725341797,230.0
2022-11-01 19:08:48.150000,4.2270002365112305,0.0,0.0,0.0,56.58000183105469,230.0,70.47999572753906,230.0,74.77999877929688,230.0,70.87999725341797,230.0
2022-11-01 19:08:48.200000,4.224999904632568,0.0,0.0,0.0,56.47999954223633,230.0,70.47999572753906,230.0,74.77999877929688,230.0,70.87999725341797,230.0
2022-11-01 19:08:48.250000,4.2270002365112305,0.0,0.0,0.0,56.47999954223633,230.0,70.47999572753906,230.0,74.77999877929688,230.0,70.87999725341797,230.0
2022-11-01 19:08:48.300000,4.224999904632568,0.0,0.0,0.0,56.47999954223633,230.0,70.47999572753906,230.0,74.77999877929688,230.0,70.87999725341797,230.0
2022-11-01 19:08:48.350000,4.224999904632568,0.0,0.0,0.0,56.47999954223633,230.0,70.47999572753906,230.0,74.77999877929688,230.0,70.87999725341797,230.0
2022-11-01 19:08:48.400000,4.2270002365112305,0.0,0.0,0.0,56.47999954223633,230.0,70.47999572753906,230.0,74.77999877929688,230.0,70.87999725341797,230.0
2022-11-01 19:08:48.450000,4.2270002365112305,0.0,0.0,0.0,56.47999954223633,230.0,70.47999572753906,230.0,74.77999877929688,230.0,70.87999725341797,230.0
2022-11-01 19:08:48.500000,4.2270002365112305,0.0,0.0,0.0,56.47999954223633,230.0,70.47999572753906,230.0,74.77999877929688,230.0,70.87999725341797,230.0
2022-11-01 19:08:48.550000,4.224999904632568,0.0,0.0,0.0,56.47999954223633,230.0,70.47999572753906,230.0,74.77999877929688,230.0,70.87999725341797,230.0
2022-11-01 19:08:48.600000,4.224999904632568,0.0,0.0,0.0,56.47999954223633,230.0,70.47999572753906,230.0,74.77999877929688,230.0,70.87999725341797,230.0
2022-11-01 19:08:48.650000,4.224999904632568,0.0,0.0,0.0,56.47999954223633,230.0,70.47999572753906,230.0,74.77999877929688,230.0,70.87999725341797,230.0
2022-11-01 19:08:48.700000,4.2270002365112305,0.0,0.0,0.0,56.47999954223633,230.0,70.47999572753906,230.0,74.77999877929688,230.0,70.87999725341797,230.0
2022-11-01 19:08:48.750000,4.224999904632568,0.0,0.0,0.0,56.47999954223633,230.0,70.47999572753906,230.0,74.77999877929688,230.0,70.87999725341797,230.0
2022-11-01 19:08:48.800000,4.2270002365112305,0.0,0.0,0.0,56.47999954223633,230.0,70.47999572753906,230.0,74.68000030517578,230.0,70.87999725341797,230.0
2022-11-01 19:08:48.850000,4.2270002365112305,0.0,0.0,0.0,56.47999954223633,230.0,70.47999572753906,230.0,74.68000030517578,230.0,70.87999725341797,230.0
2022-11-01 19:08:48.900000,4.224999904632568,0.0,0.0,0.0,56.47999954223633,230.0,70.47999572753906,230.0,74.68000030517578,230.0,70.87999725341797,230.0
2022-11-01 19:08:48.950000,4.2270002365112305,0.0,0.0,0.0,56.47999954223633,230.0,70.47999572753906,230.0,74.68000030517578,230.0,70.87999725341797,230.0
2022-11-01 19:08:49,4.224999904632568,0.0,0.0,0.0,56.47999954223633,230.0,70.47999572753906,230.0,74.68000030517578,230.0,70.87999725341797,230.0
2022-11-01 19:08:49.050000,4.2270002365112305,0.0,0.0,0.0,56.47999954223633,230.0,70.47999572753906,230.0,74.68000030517578,230.0,70.87999725341797,230.0
2022-11-01 19:08:49.100000,4.224999904632568,0.0,0.0,0.0,56.47999954223633,230.0,70.47999572753906,230.0,74.68000030517578,230.0,70.87999725341797,230.0
2022-11-01 19:08:49.150000,4.224999904632568,0.0,0.0,0.0,56.47999954223633,230.0,70.47999572753906,230.0,74.68000030517578,230.0,70.87999725341797,230.0
2022-11-01 19:08:49.200000,4.2270002365112305,0.0,0.0,0.0,56.47999954223633,230.0,70.47999572753906,230.0,74.68000030517578,230.0,70.87999725341797,230.0
2022-11-01 19:08:49.250000,4.2270002365112305,0.0,0.0,0.0,56.47999954223633,230.0,70.47999572753906,230.0,74.68000030517578,230.0,70.87999725341797,230.0
2022-11-01 19:08:49.300000,4.2270002365112305,0.0,0.0,0.0,56.47999954223633,230.0,70.47999572753906,230.0,74.68000030517578,230.0,70.87999725341797,230.0
2022-11-01 19:08:49.350000,4.224999904632568,0.0,0.0,0.0,56.47999954223633,230.0,70.47999572753906,230.0,74.68000030517578,230.0,70.87999725341797,230.0
2022-11-01 19:08:49.400000,4.224999904632568,0.0,0.0,0.0,56.47999954223633,230.0,70.47999572753906,230.0,74.68000030517578,230.0,70.87999725341797,230.0
2022-11-01 19:08:49.450000,4.2270002365112305,0.0,0.0,0.0,56.47999954223633,230.0,70.47999572753906,230.0,74.68000030517578,230.0,70.87999725341797,230.0
2022-11-01 19:08:49.500000,4.2270002365112305,0.0,0.0,0.0,56.47999954223633,230.0,70.47999572753906,230.0,74.68000030517578,230.0,70.87999725341797,230.0
2022-11-01 19:08:49.550000,4.2270002365112305,0.0,0.0,0.0,56.47999954223633,230.0,70.47999572753906,230.0,74.68000030517578,230.0,70.87999725341797,230.0
2022-11-01 19:08:49.600000,4.224999904632568,0.0,0.0,0.0,56.47999954223633,230.0,70.47999572753906,230.0,74.68000030517578,230.0,70.87999725341797,230.0
2022-11-01 19:08:49.650000,4.2270002365112305,0.0,0.0,0.0,56.47999954223633,230.0,70.47999572753906,230.0,74.68000030517578,230.0,70.87999725341797,230.0
2022-11-01 19:08:49.700000,4.2270002365112305,0.0,0.0,0.0,56.47999954223633,230.0,70.47999572753906,230.0,74.68000030517578,230.0,70.87999725341797,230.0
2022-11-01 19:08:49.750000,4.2270002365112305,0.0,0.0,0.0,56.47999954223633,230.0,70.47999572753906,230.0,74.68000030517578,230.0,70.87999725341797,230.0
2022-11-01 19:08:49.800000,4.224999904632568,0.0,0.0,0.0,56.47999954223633,230.0,70.47999572753906,230.0,74.68000030517578,230.0,70.87999725341797,230.0
2022-11-01 19:08:49.850000,4.224999904632568,0.0,0.0,0.0,56.47999954223633,230.0,70.47999572753906,230.0,74.68000030517578,230.0,70.87999725341797,230.0
2022-11-01 19:08:49.900000,4.224999904632568,0.0,0.0,0.0,56.47999954223633,230.0,70.47999572753906,230.0,74.68000030517578,230.0,70.87999725341797,230.0
2022-11-01 19:08:49.950000,4.224999904632568,0.0,0.0,0.0,56.47999954223633,230.0,70.47999572753906,230.0,74.68000030517578,230.0,70.87999725341797,230.0
2022-11-01 19:08:50,4.224999904632568,0.0,0.0,0.0,56.47999954223633,230.0,70.47999572753906,230.0,74.68000030517578,230.0,70.87999725341797,230.0
2022-11-01 19:08:50.050000,4.224999904632568,0.0,0.0,0.0,56.47999954223633,230.0,70.47999572753906,230.0,74.68000030517578,230.0,70.87999725341797,230.0
2022-11-01 19:08:50.100000,4.2270002365112305,0.0,0.0,0.0,56.47999954223633,230.0,70.47999572753906,230.0,74.68000030517578,230.0,70.87999725341797,230.0
2022-11-01 19:08:50.150000,4.2270002365112305,0.0,0.0,0.0,56.47999954223633,230.0,70.47999572753906,230.0,74.68000030517578,230.0,70.87999725341797,230.0
2022-11-01 19:08:50.200000,4.2270002365112305,0.0,0.0,0.0,56.47999954223633,230.0,70.47999572753906,230.0,74.68000030517578,230.0,70.87999725341797,230.0
2022-11-01 19:08:50.250000,4.2270002365112305,0.0,0.0,0.0,56.47999954223633,230.0,70.47999572753906,230.0,74.68000030517578,230.0,70.87999725341797,230.0
2022-11-01 19:08:50.300000,4.2270002365112305,0.0,0.0,0.0,56.47999954223633,230.0,70.47999572753906,230.0,74.68000030517578,230.0,70.87999725341797,230.0
2022-11-01 19:08:50.350000,4.2230000495910645,0.0,0.0,0.0,56.47999954223633,230.0,70.47999572753906,230.0,74.68000030517578,230.0,70.87999725341797,230.0
2022-11-01 19:08:50.400000,4.224999904632568,0.0,0.0,0.0,56.47999954223633,230.0,70.47999572753906,230.0,74.68000030517578,230.0,70.87999725341797,230.0
2022-11-01 19:08:50.450000,4.2230000495910645,0.0,0.0,0.0,56.47999954223633,230.0,70.47999572753906,230.0,74.68000030517578,230.0,70.87999725341797,230.0
2022-11-01 19:08:50.500000,4.2270002365112305,0.0,0.0,0.0,56.47999954223633,230.0,70.47999572753906,230.0,74.68000030517578,230.0,70.87999725341797,230.0
2022-11-01 19:08:50.550000,4.2270002365112305,0.0,0.0,0.0,56.47999954223633,230.0,70.47999572753906,230.0,74.68000030517578,230.0,70.87999725341797,230.0
2022-11-01 19:08:50.600000,4.224999904632568,0.0,0.0,0.0,56.47999954223633,230.0,70.47999572753906,230.0,74.68000030517578,230.0,70.87999725341797,230.0
2022-11-01 19:08:50.650000,4.224999904632568,0.0,0.0,0.0,56.47999954223633,230.0,70.47999572753906,230.0,74.68000030517578,230.0,70.87999725341797,230.0
2022-11-01 19:08:50.700000,4.2270002365112305,0.0,0.0,0.0,56.47999954223633,230.0,70.47999572753906,230.0,74.68000030517578,230.0,70.87999725341797,230.0
2022-11-01 19:08:50.750000,4.2270002365112305,0.0,0.0,0.0,56.47999954223633,230.0,70.47999572753906,230.0,74.68000030517578,230.0,70.87999725341797,230.0
2022-11-01 19:08:50.800000,4.2270002365112305,0.0,0.0,0.0,56.47999954223633,230.0,70.47999572753906,230.0,74.68000030517578,230.0,70.87999725341797,230.0
2022-11-01 19:08:50.850000,4.224999904632568,0.0,0.0,0.0,56.47999954223633,230.0,70.47999572753906,230.0,74.68000030517578,230.0,70.87999725341797,230.0
2022-11-01 19:08:50.900000,4.224999904632568,0.0,0.0,0.0,56.47999954223633,230.0,70.47999572753906,230.0,74.68000030517578,230.0,70.87999725341797,230.0
2022-11-01 19:08:50.950000,4.2270002365112305,0.0,0.0,0.0,56.47999954223633,230.0,70.47999572753906,230.0,74.68000030517578,230.0,70.87999725341797,230.0
2022-11-01 19:08:51,4.2270002365112305,0.0,0.0,0.0,56.47999954223633,230.0,70.47999572753906,230.0,74.68000030517578,230.0,70.87999725341797,230.0
2022-11-01 19:08:51.050000,4.224999904632568,0.0,0.0,0.0,56.47999954223633,230.0,70.47999572753906,230.0,74.68000030517578,230.0,70.87999725341797,230.0
2022-11-01 19:08:51.100000,4.224999904632568,0.0,0.0,0.0,56.47999954223633,230.0,70.47999572753906,230.0,74.68000030517578,230.0,70.87999725341797,230.0
2022-11-01 19:08:51.150000,4.2270002365112305,0.0,0.0,0.0,56.47999954223633,230.0,70.47999572753906,230.0,74.68000030517578,230.0,70.87999725341797,230.0
2022-11-01 19:08:51.200000,4.2270002365112305,0.0,0.0,0.0,56.47999954223633,230.0,70.47999572753906,230.0,74.68000030517578,230.0,70.87999725341797,230.0
2022-11-01 19:08:51.250000,4.224999904632568,0.0,0.0,0.0,56.47999954223633,230.0,70.47999572753906,230.0,74.68000030517578,230.0,70.87999725341797,230.0
2022-11-01 19:08:51.300000,4.2270002365112305,0.0,0.0,0.0,56.47999954223633,230.0,70.47999572753906,230.0,74.68000030517578,230.0,70.87999725341797,230.0
2022-11-01 19:08:51.350000,4.2270002365112305,0.0,0.0,0.0,56.47999954223633,230.0,70.47999572753906,230.0,74.68000030517578,230.0,70.87999725341797,230.0
2022-11-01 19:08:51.400000,4.224999904632568,0.0,0.0,0.0,56.47999954223633,230.0,70.47999572753906,230.0,74.68000030517578,230.0,70.87999725341797,230.0
2022-11-01 19:08:51.450000,4.224999904632568,0.0,0.0,0.0,56.47999954223633,230.0,70.47999572753906,230.0,74.68000030517578,230.0,70.87999725341797,230.0
2022-11-01 19:08:51.500000,4.2270002365112305,0.0,0.0,0.0,56.47999954223633,230.0,70.47999572753906,230.0,74.68000030517578,230.0,70.87999725341797,230.0
2022-11-01 19:08:51.550000,4.224999904632568,0.0,0.0,0.0,56.47999954223633,230.0,70.47999572753906,230.0,74.68000030517578,230.0,70.87999725341797,230.0
2022-11-01 19:08:51.600000,4.224999904632568,0.0,0.0,0.0,56.47999954223633,230.0,70.47999572753906,230.0,74.68000030517578,230.0,70.87999725341797,230.0
2022-11-01 19:08:51.650000,4.2270002365112305,0.0,0.0,0.0,56.47999954223633,230.0,70.47999572753906,230.0,74.68000030517578,230.0,70.87999725341797,230.0
2022-11-01 19:08:51.700000,4.2270002365112305,0.0,0.0,0.0,56.47999954223633,230.0,70.47999572753906,230.0,74.68000030517578,230.0,70.87999725341797,230.0
2022-11-01 19:08:51.750000,4.2270002365112305,0.0,0.0,0.0,56.47999954223633,230.0,70.47999572753906,230.0,74.68000030517578,230.0,70.87999725341797,230.0
2022-11-01 19:08:51.800000,4.224999904632568,0.0,0.0,0.0,56.47999954223633,230.0,70.47999572753906,230.0,74.68000030517578,230.0,70.87999725341797,230.0
2022-11-01 19:08:51.850000,4.2270002365112305,0.0,0.0,0.0,56.47999954223633,230.0,70.47999572753906,230.0,74.68000030517578,230.0,70.87999725341797,230.0
2022-11-01 19:08:51.900000,4.2210001945495605,0.0,0.0,0.0,56.47999954223633,230.0,70.47999572753906,230.0,74.68000030517578,230.0,70.87999725341797,230.0
2022-11-01 19:08:51.950000,4.2230000495910645,0.0,0.0,0.0,56.47999954223633,230.0,70.47999572753906,230.0,74.68000030517578,230.0,70.87999725341797,230.0
2022-11-01 19:08:52,4.2270002365112305,0.0,0.0,0.0,56.47999954223633,230.0,70.47999572753906,230.0,74.68000030517578,230.0,70.87999725341797,230.0
2022-11-01 19:08:52.050000,4.224999904632568,0.0,0.0,0.0,56.47999954223633,230.0,70.47999572753906,230.0,74.68000030517578,230.0,70.87999725341797,230.0
2022-11-01 19:08:52.100000,4.224999904632568,0.0,0.0,0.0,56.47999954223633,230.0,70.47999572753906,230.0,74.68000030517578,230.0,70.87999725341797,230.0
2022-11-01 19:08:52.150000,4.224999904632568,0.0,0.0,0.0,56.47999954223633,230.0,70.47999572753906,230.0,74.68000030517578,230.0,70.87999725341797,230.0
2022-11-01 19:08:52.200000,4.2230000495910645,0.0,0.0,0.0,56.47999954223633,230.0,70.47999572753906,230.0,74.68000030517578,230.0,70.87999725341797,230.0
